                       precision    recall  f1-score   support

                 Bear      0.828     0.571     0.676        42
           Brown bear      0.921     0.795     0.854        44
                 Bull      0.472     0.549     0.508        91
            Butterfly      0.940     0.935     0.938       185
                Camel      0.944     0.895     0.919        38
               Canary      0.692     0.500     0.581        18
          Caterpillar      0.824     0.847     0.836        72
               Cattle      0.805     0.493     0.611       209
            Centipede      0.762     0.582     0.660        55
              Cheetah      0.489     0.564     0.524        39
              Chicken      0.921     0.910     0.915       166
                 Crab      0.718     0.975     0.827       120
            Crocodile      0.985     0.815     0.892        81
                 Deer      0.869     0.928     0.897       235
                 Duck      0.553     0.695     0.616       105
                Eagle      0.952     0.937     0.944       190
             Elephant      0.673     0.949     0.787        39
                 Fish      0.865     0.778     0.819       872
                  Fox      0.986     0.958     0.972        72
                 Frog      0.889     0.911     0.900        79
              Giraffe      0.861     1.000     0.925        31
                 Goat      0.838     0.574     0.681       108
             Goldfish      0.722     0.155     0.255        84
                Goose      0.267     0.190     0.222        42
              Hamster      0.667     0.133     0.222        75
          Harbor seal      0.533     0.118     0.193        68
             Hedgehog      0.980     0.923     0.950        52
         Hippopotamus      1.000     0.727     0.842        33
                Horse      0.783     0.939     0.854       165
               Jaguar      0.333     0.048     0.083        42
            Jellyfish      0.768     1.000     0.869       109
             Kangaroo      0.790     0.961     0.867        51
                Koala      0.857     0.923     0.889        26
              Ladybug      0.976     1.000     0.988        40
              Leopard      0.467     0.689     0.556        61
                 Lion      0.963     0.990     0.976       104
               Lizard      0.761     0.989     0.860       267
                 Lynx      0.938     0.882     0.909        34
               Magpie      0.857     0.882     0.870        34
               Monkey      0.973     0.970     0.971       365
Moths and butterflies      0.640     0.552     0.593        29
                Mouse      0.513     0.930     0.661        86
                 Mule      0.825     0.786     0.805        42
              Ostrich      0.987     0.819     0.895        94
                Otter      0.757     0.803     0.779        66
                  Owl      0.956     0.929     0.942        70
                Panda      0.708     0.895     0.791        19
               Parrot      0.917     0.980     0.948       203
              Penguin      0.902     0.937     0.919        79
                  Pig      0.885     0.844     0.864       128
           Polar bear      0.846     0.965     0.902        57
               Rabbit      0.967     0.860     0.911       136
              Raccoon      0.898     0.898     0.898        59
                Raven      0.904     0.867     0.885        98
            Red panda      0.721     1.000     0.838        44
           Rhinoceros      0.694     0.935     0.796        46
             Scorpion      0.936     1.000     0.967        44
             Sea lion      0.370     0.727     0.491        55
           Sea turtle      0.455     0.144     0.219       104
             Seahorse      0.875     0.179     0.298        39
                Shark      0.450     0.951     0.611        61
                Sheep      0.789     0.773     0.781        97
               Shrimp      0.882     0.705     0.784        95
                Snail      0.983     0.942     0.962       120
                Snake      0.981     0.936     0.958       219
              Sparrow      0.956     0.949     0.953       138
               Spider      0.981     0.986     0.984       213
                Squid      0.750     0.231     0.353        13
             Squirrel      0.875     0.900     0.887        70
             Starfish      0.766     0.937     0.843        63
                 Swan      0.619     0.759     0.682        79
                 Tick      0.000     0.000     0.000         1
                Tiger      0.828     0.889     0.857        27
             Tortoise      0.561     0.862     0.679       123
               Turkey      0.900     0.509     0.651        53
               Turtle      0.000     0.000     0.000         7
                Whale      0.689     0.836     0.756        61
           Woodpecker      0.943     0.943     0.943        35
                 Worm      0.347     0.944     0.507        18
                Zebra      0.976     0.976     0.976        42

             accuracy                          0.815      7576
            macro avg      0.768     0.760     0.740      7576
         weighted avg      0.826     0.815     0.805      7576
